useless one line header 
0.0     	-9.58248	0.0     	-0.93596	0.3521  	-13.90132	14.27191
1.0     	-9.56055	0.0     	0.35754 	0.9339  	9.49547 	16.50271
2.0     	-9.53863	0.0     	0.99987 	0.01613 	16.78418	8.21835 
3.0     	-9.5167 	0.0     	-0.05624	0.99842 	1.55905 	1.58557 
4.0     	-9.49478	0.0     	0.87375 	0.48637 	15.52173	11.10172
5.0     	-9.47285	0.0     	-0.35864	0.93348 	-4.80236	11.38742
6.0     	-9.45093	0.0     	0.98954 	0.14429 	16.43159	4.08142 
7.0     	-9.429  	0.0     	-0.98962	0.14374 	-16.16532	2.19211 
8.0     	-9.40708	0.0     	0.99974 	0.0227  	16.12817	15.20977
9.0     	-9.38516	0.0     	-0.96209	0.27274 	-15.59237	11.39673
10.0    	-9.36323	0.0     	0.82981 	0.55804 	12.14055	2.53194 
11.0    	-9.34131	0.0     	0.1601  	0.9871  	0.47188 	11.24784
12.0    	-9.31938	0.0     	0.21687 	0.9762  	0.85921 	16.94666
13.0    	-9.29746	0.0     	0.75515 	0.65556 	9.2764  	2.56403 
14.0    	-9.27553	0.0     	-0.85805	0.51357 	-14.14852	9.79754 
15.0    	-9.25361	0.0     	0.29307 	0.95609 	0.61402 	13.3448 
16.0    	-9.23168	0.0     	-0.96316	0.26892 	-14.45269	11.01613
17.0    	-9.20976	0.0     	-0.93523	0.35404 	-14.23194	3.35676 
18.0    	-9.18783	0.0     	-0.60494	0.79627 	-11.77571	5.82743 
19.0    	-9.16591	0.0     	0.57396 	0.81888 	3.25983 	20.09476
20.0    	-9.14398	0.0     	-0.42597	0.90474 	-10.18851	5.59968 
21.0    	-9.12206	0.0     	0.85222 	0.52318 	7.48805 	14.51884
22.0    	-9.10013	0.0     	0.15659 	0.98766 	-3.94157	7.28224 
23.0    	-9.07821	0.0     	0.36878 	0.92951 	-1.41816	17.51233
24.0    	-9.05628	0.0     	-0.99998	0.00563 	-11.30228	8.98375 
25.0    	-9.03436	0.0     	0.04269 	0.99909 	-6.0951 	2.9611  
26.0    	-9.01243	0.0     	0.8301  	0.55762 	5.0516  	12.43021
27.0    	-8.99051	0.0     	0.7088  	0.7054  	2.40656 	5.37429 
28.0    	-8.96859	0.0     	0.81428 	0.58047 	4.01216 	16.82833
29.0    	-8.94666	0.0     	0.99474 	0.10243 	8.9163  	9.93742 
30.0    	-8.92474	0.0     	-0.49868	0.86679 	-11.16698	4.54224 
31.0    	-8.90281	0.0     	0.97975 	0.20022 	7.41982 	6.316   
32.0    	-8.88089	0.0     	0.62295 	0.78226 	-0.55091	4.81662 
33.0    	-8.85896	0.0     	0.56279 	0.8266  	-1.68845	15.85705
34.0    	-8.83704	0.0     	0.34506 	0.93858 	-4.63955	15.89026
35.0    	-8.81511	0.0     	0.92744 	0.37398 	4.41267 	0.04151 
36.0    	-8.79319	0.0     	0.19763 	0.98028 	-6.50588	12.0319 
37.0    	-8.77126	0.0     	0.97823 	0.20753 	5.62781 	7.87814 
38.0    	-8.74934	0.0     	0.19678 	0.98045 	-6.78908	5.08785 
39.0    	-8.72741	0.0     	-0.97045	0.24129 	-8.86674	2.68062 
40.0    	-8.70549	0.0     	0.92402 	0.38235 	3.02243 	10.69617
41.0    	-8.68356	0.0     	0.58422 	0.8116  	-3.13902	18.61403
42.0    	-8.66164	0.0     	0.57872 	0.81552 	-3.38337	10.85074
43.0    	-8.63971	0.0     	-0.97534	0.22072 	-7.94681	11.85899
44.0    	-8.61779	0.0     	-0.53638	0.84398 	-10.62401	6.79199 
45.0    	-8.59586	0.0     	0.79449 	0.60728 	-0.76344	1.01067 
46.0    	-8.57394	0.0     	-0.73592	0.67707 	-10.1602	7.98376 
47.0    	-8.55202	0.0     	-0.9234 	0.38384 	-8.47656	13.58581
48.0    	-8.53009	0.0     	-0.3239 	0.94609 	-10.22789	19.80143
49.0    	-8.50817	0.0     	0.72438 	0.6894  	-2.48964	10.1767 
50.0    	-8.48624	0.0     	-0.92133	0.38877 	-8.17858	9.77817 
51.0    	-8.46432	0.0     	0.11056 	0.99387 	-8.55066	9.48578 
52.0    	-8.44239	0.0     	-0.11064	0.99386 	-9.68596	8.75966 
53.0    	-8.42047	0.0     	-0.47403	0.88051 	-10.40085	17.26555
54.0    	-8.39854	0.0     	-0.24461	0.96962 	-10.19561	1.90064 
55.0    	-8.37662	0.0     	0.88395 	0.46759 	-0.39331	15.50013
56.0    	-8.35469	0.0     	0.6189  	0.78547 	-4.71269	19.81475
57.0    	-8.33277	0.0     	-0.45633	0.88981 	-10.58232	15.21977
58.0    	-8.31084	0.0     	-0.52131	0.85337 	-10.5922	13.18518
59.0    	-8.28892	0.0     	-0.03445	0.99941 	-10.03563	7.89831 
60.0    	-8.26699	0.0     	0.7142  	0.69994 	-4.00502	3.10988 
61.0    	-8.24507	0.0     	0.81779 	0.57551 	-2.46521	9.70029 
62.0    	-8.22314	0.0     	0.06239 	0.99805 	-10.16544	9.91266 
63.0    	-8.20122	0.0     	0.33603 	0.94185 	-8.69425	6.59248 
64.0    	-8.17929	0.0     	-0.86214	0.50668 	-8.95241	9.29703 
65.0    	-8.15737	0.0     	-0.81676	0.57698 	-9.6101 	15.8014 
66.0    	-8.13545	0.0     	0.82985 	0.55798 	-3.37393	8.29351 
67.0    	-8.11352	0.0     	0.20329 	0.97912 	-10.90541	6.11836 
68.0    	-8.0916 	0.0     	0.92507 	0.37981 	-1.61536	14.1923 
69.0    	-8.06967	0.0     	-0.38326	0.92364 	-12.75713	12.96705
70.0    	-8.04775	0.0     	-0.00211	1.0     	-12.93873	5.64108 
71.0    	-8.02582	0.0     	0.81573 	0.57843 	-5.83037	9.58308 
72.0    	-8.0039 	0.0     	-0.93893	0.3441  	-6.42447	3.73599 
73.0    	-7.98197	0.0     	-0.272  	0.9623  	-13.80271	5.28453 
74.0    	-7.96005	0.0     	0.01448 	0.9999  	-14.2399	9.15783 
75.0    	-7.93812	0.0     	0.37301 	0.92783 	-13.3572	12.46521
76.0    	-7.9162 	0.0     	0.8045  	0.59396 	-8.97315	1.65197 
77.0    	-7.89427	0.0     	-0.32808	0.94465 	-13.85784	8.44079 
78.0    	-7.87235	0.0     	0.61413 	0.78921 	-12.83907	4.39017 
79.0    	-7.85042	0.0     	0.41345 	0.91052 	-14.76187	3.4774  
80.0    	-7.8285 	0.0     	-0.17917	0.98382 	-14.63799	4.27596 
81.0    	-7.80657	0.0     	-0.96667	0.25603 	-0.73299	14.6117 
82.0    	-7.78465	0.0     	0.41692 	0.90894 	-15.7171	10.0782 
83.0    	-7.76273	0.0     	-0.46418	0.88574 	-11.58443	2.71694 
84.0    	-7.7408 	0.0     	0.78253 	0.62262 	-13.69603	10.76408
85.0    	-7.71888	0.0     	-0.44824	0.89391 	-11.16339	10.99735
86.0    	-7.69695	0.0     	0.63135 	0.7755  	-15.93765	7.01074 
87.0    	-7.67503	0.0     	-0.18258	0.98319 	-13.68409	11.2057 
88.0    	-7.6531 	0.0     	-0.99907	0.04313 	6.93486 	8.22317 
89.0    	-7.63118	0.0     	-0.80767	0.58963 	-2.21626	5.68098 
90.0    	-7.60925	0.0     	0.969   	0.24706 	-12.0915	0.73879 
91.0    	-7.58733	0.0     	0.98831 	0.15244 	-11.36599	13.68673
92.0    	-7.5654 	0.0     	-0.11895	0.9929  	-13.0829	11.6249 
93.0    	-7.54348	0.0     	0.83432 	0.55128 	-16.36057	3.67955 
94.0    	-7.52155	0.0     	-0.01437	0.9999  	-13.70072	9.23459 
95.0    	-7.49963	0.0     	-0.72555	0.68817 	-1.18678	10.64195
96.0    	-7.4777 	0.0     	-0.99616	0.08759 	10.49545	11.28581
97.0    	-7.45578	0.0     	-0.46443	0.88561 	-5.86705	12.01052
98.0    	-7.43385	0.0     	0.97379 	0.22745 	-15.11415	7.47399 
99.0    	-7.41193	0.0     	-0.32085	0.94713 	-7.5299 	8.91586 
100.0   	-7.39   	0.0     	0.70642 	0.7078  	-17.91299	3.32364 
101.0   	-7.36808	0.0     	-0.99981	0.01943 	13.4708 	8.30681 
102.0   	-7.34616	0.0     	-0.65988	0.75137 	0.79944 	2.34985 
103.0   	-7.32423	0.0     	0.29522 	0.95543 	-14.63768	10.98795
104.0   	-7.30231	0.0     	-0.99989	0.01496 	14.49641	12.4009 
105.0   	-7.28038	0.0     	-0.53988	0.84174 	-0.43411	5.59475 
106.0   	-7.25846	0.0     	0.76464 	0.64446 	-17.85204	10.96449
107.0   	-7.23653	0.0     	-0.96197	0.27315 	12.3008 	9.5972  
108.0   	-7.21461	0.0     	0.64523 	0.76398 	-16.83954	8.43519 
109.0   	-7.19268	0.0     	0.62116 	0.78368 	-16.41713	7.44217 
110.0   	-7.17076	0.0     	-0.94545	0.32577 	12.50988	17.29994
111.0   	-7.14883	0.0     	-0.49799	0.86718 	1.49138 	12.86703
112.0   	-7.12691	0.0     	0.34767 	0.93762 	-12.29939	9.73065 
113.0   	-7.10498	0.0     	0.87703 	0.48044 	-17.52094	12.02547
114.0   	-7.08306	0.0     	0.49287 	0.8701  	-13.48412	21.70402
115.0   	-7.06113	0.0     	0.96667 	0.25604 	-17.37685	13.89504
116.0   	-7.03921	0.0     	0.95099 	0.30923 	-17.30845	3.79198 
117.0   	-7.01728	0.0     	0.03344 	0.99944 	-5.41835	2.57688 
118.0   	-6.99536	0.0     	-0.02646	0.99965 	-3.99426	11.40812
119.0   	-6.97343	0.0     	0.99851 	0.05454 	-16.58611	8.13354 
120.0   	-6.95151	0.0     	-0.86374	0.50393 	12.29519	2.15129 
121.0   	-6.92959	0.0     	-0.60934	0.79291 	7.38449 	12.16305
122.0   	-6.90766	0.0     	0.94934 	0.31425 	-16.14063	5.34341 
123.0   	-6.88574	0.0     	0.88922 	0.45748 	-15.25419	1.05473 
124.0   	-6.86381	0.0     	0.28851 	0.95748 	-6.43089	10.61487
125.0   	-6.84189	0.0     	-0.98075	0.19526 	14.97934	8.61493 
126.0   	-6.81996	0.0     	0.75523 	0.65546 	-12.43543	15.02549
127.0   	-6.79804	0.0     	-0.77298	0.63443 	11.12924	19.40514
128.0   	-6.77611	0.0     	-0.9979 	0.0647  	14.84261	5.42725 
129.0   	-6.75419	0.0     	-0.98064	0.19584 	14.30875	12.9661 
130.0   	-6.73226	0.0     	-0.29546	0.95536 	4.15635 	17.17031
131.0   	-6.71034	0.0     	0.39156 	0.92015 	-5.43247	16.91573
132.0   	-6.68841	0.0     	-0.88622	0.46327 	12.42991	8.85434 
133.0   	-6.66649	0.0     	0.62025 	0.78441 	-8.10376	12.13444
134.0   	-6.64456	0.0     	-0.97584	0.21848 	13.18059	10.67639
135.0   	-6.62264	0.0     	-0.98604	0.16654 	13.09084	8.6136  
136.0   	-6.60071	0.0     	-0.90232	0.43106 	12.01331	2.16304 
137.0   	-6.57879	0.0     	-0.00172	1.0     	0.7435  	5.84546 
138.0   	-6.55686	0.0     	0.77504 	0.63191 	-9.39597	8.89526 
139.0   	-6.53494	0.0     	-0.98653	0.16357 	12.6063 	13.11539
140.0   	-6.51302	0.0     	0.99691 	0.07861 	-12.5273	9.04442 
141.0   	-6.49109	0.0     	0.51145 	0.85932 	-5.8046 	10.85682
142.0   	-6.46917	0.0     	-0.55989	0.82857 	7.75069 	10.57734
143.0   	-6.44724	0.0     	-0.97273	0.23194 	12.59028	6.12105 
144.0   	-6.42532	0.0     	0.14936 	0.98878 	-1.03351	10.81331
145.0   	-6.40339	0.0     	-0.82837	0.56018 	11.27273	6.28891 
146.0   	-6.38147	0.0     	-0.9477 	0.31915 	12.73043	12.04305
147.0   	-6.35954	0.0     	0.49925 	0.86646 	-5.5283 	3.47618 
148.0   	-6.33762	0.0     	0.98787 	0.15529 	-12.94609	15.82796
149.0   	-6.31569	0.0     	-0.99937	0.03535 	13.49547	11.36563
150.0   	-6.29377	0.0     	0.77804 	0.62821 	-9.45218	8.75199 
151.0   	-6.27184	0.0     	0.21367 	0.97691 	-0.98564	4.54978 
152.0   	-6.24992	0.0     	-0.82991	0.5579  	12.6864 	14.67141
153.0   	-6.22799	0.0     	0.26104 	0.96533 	-1.22314	8.86818 
154.0   	-6.20607	0.0     	0.74761 	0.66414 	-8.60235	6.4075  
155.0   	-6.18414	0.0     	-0.78478	0.61978 	12.90172	4.82615 
156.0   	-6.16222	0.0     	-0.75377	0.65714 	12.81893	11.79662
157.0   	-6.14029	0.0     	0.44314 	0.89645 	-2.95278	6.58715 
158.0   	-6.11837	0.0     	0.37412 	0.92738 	-1.56521	8.31757 
159.0   	-6.09645	0.0     	0.83211 	0.55461 	-9.33793	7.49497 
160.0   	-6.07452	0.0     	-0.57798	0.81605 	11.98304	4.12645 
161.0   	-6.0526 	0.0     	-0.42187	0.90666 	10.51387	8.0996  
162.0   	-6.03067	0.0     	0.28895 	0.95734 	1.13997 	10.02706
163.0   	-6.00875	0.0     	0.28747 	0.95779 	1.53846 	6.54978 
164.0   	-5.98682	0.0     	-0.97468	0.2236  	14.85402	3.46581 
165.0   	-5.9649 	0.0     	-0.00021	1.0     	6.53877 	2.87365 
166.0   	-5.94297	0.0     	-0.98244	0.18657 	14.62596	11.67342
167.0   	-5.92105	0.0     	-0.23887	0.97105 	10.29192	14.4908 
168.0   	-5.89912	0.0     	-0.56498	0.8251  	13.81935	0.98704 
169.0   	-5.8772 	0.0     	0.86146 	0.50783 	-7.14322	13.9867 
170.0   	-5.85527	0.0     	0.68854 	0.7252  	-2.70792	12.34232
171.0   	-5.83335	0.0     	0.99126 	0.13191 	-11.32056	12.55461
172.0   	-5.81142	0.0     	0.76419 	0.64499 	-3.48987	20.00562
173.0   	-5.7895 	0.0     	-0.05324	0.99858 	10.21605	11.98315
174.0   	-5.76757	0.0     	0.48783 	0.87294 	2.95328 	12.79241
175.0   	-5.74565	0.0     	-0.36206	0.93215 	13.77703	23.96628
176.0   	-5.72373	0.0     	-0.7476 	0.66414 	15.41702	4.05173 
177.0   	-5.7018 	0.0     	0.55476 	0.83201 	3.22252 	6.41297 
178.0   	-5.67988	0.0     	0.7755  	0.63135 	-0.8603 	17.08936
179.0   	-5.65795	0.0     	0.18179 	0.98334 	9.73433 	9.41412 
180.0   	-5.63603	0.0     	0.94675 	0.32197 	-5.18703	5.82993 
181.0   	-5.6141 	0.0     	0.96159 	0.2745  	-5.39792	11.21151
182.0   	-5.59218	0.0     	0.85115 	0.52492 	-0.72919	15.82883
183.0   	-5.57025	0.0     	0.48006 	0.87723 	7.47768 	10.61808
184.0   	-5.54833	0.0     	0.98365 	0.18012 	-5.21902	10.83845
185.0   	-5.5264 	0.0     	-0.07774	0.99697 	14.12334	11.84489
186.0   	-5.50448	0.0     	0.5204  	0.85392 	8.34855 	6.67347 
187.0   	-5.48255	0.0     	0.50028 	0.86586 	9.13683 	12.46191
188.0   	-5.46063	0.0     	-0.46453	0.88556 	15.30709	11.67053
189.0   	-5.4387 	0.0     	-0.63312	0.77405 	14.44929	13.21397
190.0   	-5.41678	0.0     	0.99687 	0.07909 	-3.24556	3.84997 
191.0   	-5.39485	0.0     	-0.31245	0.94993 	15.36547	8.40178 
192.0   	-5.37293	0.0     	-0.89222	0.45159 	9.64628 	11.39592
193.0   	-5.351  	0.0     	0.56661 	0.82398 	11.07319	6.55436 
194.0   	-5.32908	0.0     	0.88622 	0.46326 	5.40406 	12.72749
195.0   	-5.30716	0.0     	0.50752 	0.86164 	12.5971 	7.30396 
196.0   	-5.28523	0.0     	-0.88017	0.47467 	7.78228 	18.75188
197.0   	-5.26331	0.0     	-0.98303	0.18342 	2.69566 	4.66264 
198.0   	-5.24138	0.0     	0.96593 	0.25879 	4.74033 	10.89994
199.0   	-5.21946	0.0     	0.94676 	0.32193 	6.30449 	17.44318
200.0   	-5.19753	0.0     	-0.9033 	0.42901 	4.54535 	13.71769
201.0   	-5.17561	0.0     	-0.98684	0.16167 	-0.34403	10.90649
202.0   	-5.15368	0.0     	0.20259 	0.97926 	15.11984	11.01028
203.0   	-5.13176	0.0     	-0.72106	0.69287 	7.12669 	11.5199 
204.0   	-5.10983	0.0     	0.80718 	0.59031 	12.08177	6.39619 
205.0   	-5.08791	0.0     	0.64167 	0.76698 	13.91209	16.24075
206.0   	-5.06598	0.0     	-0.99984	0.01794 	-5.34784	12.52057
207.0   	-5.04406	0.0     	0.97657 	0.21518 	8.69731 	11.0066 
208.0   	-5.02213	0.0     	-0.3371 	0.94147 	9.83522 	10.08717
209.0   	-5.00021	0.0     	0.67525 	0.73758 	13.62444	19.55264
210.0   	-4.97828	0.0     	-0.01385	0.9999  	11.83997	13.76277
211.0   	-4.95636	0.0     	-0.77331	0.63403 	1.75403 	10.78957
212.0   	-4.93443	0.0     	-0.17891	0.98387 	9.66706 	1.40084 
213.0   	-4.91251	0.0     	-0.96071	0.27757 	-4.24465	14.17167
214.0   	-4.89059	0.0     	0.40227 	0.91552 	12.65811	16.08228
215.0   	-4.86866	0.0     	0.99994 	0.01133 	7.88296 	13.02364
216.0   	-4.84674	0.0     	0.47784 	0.87845 	12.3778 	11.75153
217.0   	-4.82481	0.0     	-0.39215	0.9199  	5.65584 	5.54172 
218.0   	-4.80289	0.0     	-0.99349	0.11395 	-6.87804	9.98788 
219.0   	-4.78096	0.0     	-0.50841	0.86112 	3.65901 	8.50237 
220.0   	-4.75904	0.0     	-0.87992	0.47513 	-2.9545 	9.34839 
221.0   	-4.73711	0.0     	-0.91545	0.40242 	-4.00964	6.78772 
222.0   	-4.71519	0.0     	0.88507 	0.46546 	11.09897	11.66664
223.0   	-4.69326	0.0     	0.10121 	0.99487 	8.89923 	11.77594
224.0   	-4.67134	0.0     	-0.02017	0.9998  	7.7519  	14.11642
225.0   	-4.64941	0.0     	-0.21101	0.97748 	5.81496 	2.27432 
226.0   	-4.62749	0.0     	0.06173 	0.99809 	8.07116 	2.35009 
227.0   	-4.60556	0.0     	0.34595 	0.93825 	9.85614 	4.73856 
228.0   	-4.58364	0.0     	0.81486 	0.57966 	11.09184	11.63008
229.0   	-4.56171	0.0     	-0.99994	0.01058 	-8.43421	17.31426
230.0   	-4.53979	0.0     	-0.22077	0.97533 	4.90121 	4.6396  
231.0   	-4.51786	0.0     	-0.97569	0.21915 	-6.93388	10.59315
232.0   	-4.49594	0.0     	0.14408 	0.98957 	7.88336 	8.2117  
233.0   	-4.47402	0.0     	-0.99849	0.055   	-8.41643	10.5281 
234.0   	-4.45209	0.0     	0.76816 	0.64025 	10.9438 	15.90736
235.0   	-4.43017	0.0     	0.04726 	0.99888 	6.74067 	5.12011 
236.0   	-4.40824	0.0     	-0.66531	0.74657 	-1.39332	4.99366 
237.0   	-4.38632	0.0     	-0.16179	0.98683 	4.52546 	10.94754
238.0   	-4.36439	0.0     	-0.26629	0.96389 	3.28871 	13.38536
239.0   	-4.34247	0.0     	0.96195 	0.27323 	10.6161 	15.36765
240.0   	-4.32054	0.0     	0.68258 	0.73081 	10.67204	12.00361
241.0   	-4.29862	0.0     	-0.42104	0.90704 	1.05338 	9.03338 
242.0   	-4.27669	0.0     	-0.28894	0.95735 	2.45744 	10.38203
243.0   	-4.25477	0.0     	-0.40709	0.91339 	0.90207 	8.00719 
244.0   	-4.23284	0.0     	-0.25995	0.96562 	2.48505 	16.59423
245.0   	-4.21092	0.0     	-0.77783	0.62848 	-4.67046	18.55851
246.0   	-4.18899	0.0     	0.33938 	0.94065 	8.22866 	7.9858  
247.0   	-4.16707	0.0     	0.92963 	0.3685  	11.54562	6.1152  
248.0   	-4.14514	0.0     	-0.52266	0.85254 	-1.49881	9.46021 
249.0   	-4.12322	0.0     	0.95016 	0.31176 	11.72188	10.94336
250.0   	-4.10129	0.0     	0.4999  	0.86608 	9.38804 	4.92462 
251.0   	-4.07937	0.0     	-0.41258	0.91092 	-0.65285	2.44445 
252.0   	-4.05745	0.0     	-0.67208	0.74048 	-4.53683	6.26524 
253.0   	-4.03552	0.0     	0.83239 	0.55419 	11.87053	9.58558 
254.0   	-4.0136 	0.0     	-0.88783	0.46016 	-8.67529	9.98644 
255.0   	-3.99167	0.0     	0.47131 	0.88197 	8.91111 	2.49016 
256.0   	-3.96975	0.0     	0.24491 	0.96955 	6.39464 	19.93588
257.0   	-3.94782	0.0     	-0.88918	0.45757 	-9.53764	13.76188
258.0   	-3.9259 	0.0     	-0.99476	0.10227 	-12.27889	15.41847
259.0   	-3.90397	0.0     	0.97607 	0.21745 	13.21804	5.87284 
260.0   	-3.88205	0.0     	0.52178 	0.85308 	9.11651 	7.93192 
261.0   	-3.86012	0.0     	-0.96414	0.26538 	-12.26892	7.13402 
262.0   	-3.8382 	0.0     	-0.9983 	0.05826 	-13.48577	20.04992
263.0   	-3.81627	0.0     	0.66774 	0.74439 	10.63326	15.61   
264.0   	-3.79435	0.0     	-0.78073	0.62486 	-10.08533	6.58882 
265.0   	-3.77242	0.0     	-0.8059 	0.59205 	-10.89099	6.84022 
266.0   	-3.7505 	0.0     	-0.99771	0.06757 	-14.5314	7.15628 
267.0   	-3.72857	0.0     	0.20219 	0.97935 	3.4073  	6.1968  
268.0   	-3.70665	0.0     	0.99711 	0.07602 	15.02532	10.30262
269.0   	-3.68473	0.0     	-0.99484	0.10147 	-15.23886	8.08715 
270.0   	-3.6628 	0.0     	-0.89768	0.44064 	-14.29006	6.54828 
271.0   	-3.64088	0.0     	0.74461 	0.6675  	10.60967	8.01922 
272.0   	-3.61895	0.0     	0.92005 	0.39181 	13.63326	4.46559 
273.0   	-3.59703	0.0     	0.83083 	0.55653 	11.61909	21.62224
274.0   	-3.5751 	0.0     	-0.28386	0.95886 	-7.57999	6.86208 
275.0   	-3.55318	0.0     	0.03615 	0.99935 	-3.29318	15.11066
276.0   	-3.53125	0.0     	0.87088 	0.4915  	11.37633	4.54192 
277.0   	-3.50933	0.0     	-0.84891	0.52854 	-15.81109	11.91297
278.0   	-3.4874 	0.0     	0.98992 	0.14164 	14.24324	13.7565 
279.0   	-3.46548	0.0     	-0.99689	0.07876 	-15.39028	13.30147
280.0   	-3.44355	0.0     	-0.95225	0.30531 	-16.03701	5.53666 
281.0   	-3.42163	0.0     	-0.58284	0.81259 	-14.41134	3.82869 
282.0   	-3.3997 	0.0     	-0.58051	0.81425 	-14.59627	9.78963 
283.0   	-3.37778	0.0     	-0.11896	0.9929  	-10.09779	15.92259
284.0   	-3.35585	0.0     	0.61809 	0.7861  	0.90375 	9.64184 
285.0   	-3.33393	0.0     	0.64372 	0.76526 	0.77516 	17.53119
286.0   	-3.312  	0.0     	0.75998 	0.64994 	2.67575 	12.24214
287.0   	-3.29008	0.0     	0.81174 	0.58402 	3.31381 	17.30899
288.0   	-3.26816	0.0     	-0.01433	0.9999  	-10.81134	5.92471 
289.0   	-3.24623	0.0     	-0.93769	0.34748 	-13.6235	12.4781 
290.0   	-3.22431	0.0     	-0.74661	0.66526 	-14.92856	12.00908
291.0   	-3.20238	0.0     	0.86862 	0.49548 	2.43897 	6.37015 
292.0   	-3.18046	0.0     	-0.49057	0.8714  	-14.66155	11.22334
293.0   	-3.15853	0.0     	-0.41656	0.90911 	-14.44102	11.14603
294.0   	-3.13661	0.0     	-0.46408	0.88579 	-14.49849	7.6746  
295.0   	-3.11468	0.0     	0.98144 	0.19179 	4.7884  	10.16613
296.0   	-3.09276	0.0     	-0.9891 	0.14726 	-8.57949	4.19591 
297.0   	-3.07083	0.0     	0.75251 	0.65858 	-3.67597	3.26704 
298.0   	-3.04891	0.0     	-0.43423	0.9008  	-14.11966	13.13563
299.0   	-3.02698	0.0     	-0.65984	0.75141 	-13.24964	12.35602
300.0   	-3.00506	0.0     	-0.92709	0.37484 	-9.3434 	3.80122 
301.0   	-2.98313	0.0     	-0.66331	0.74835 	-12.70277	14.83071
302.0   	-2.96121	0.0     	0.82832 	0.56025 	-4.23829	8.89686 
303.0   	-2.93928	0.0     	-0.6289 	0.77748 	-12.4208	7.9414  
304.0   	-2.91736	0.0     	-0.34564	0.93837 	-13.47002	4.70938 
305.0   	-2.89543	0.0     	0.9585  	0.2851  	-1.44743	8.22274 
306.0   	-2.87351	0.0     	-0.89719	0.44165 	-7.67291	11.81226
307.0   	-2.85159	0.0     	-0.91811	0.39633 	-6.71141	8.74691 
308.0   	-2.82966	0.0     	-0.00601	0.99998 	-13.26325	17.07136
309.0   	-2.80774	0.0     	0.14341 	0.98966 	-12.97299	7.56674 
310.0   	-2.78581	0.0     	0.31857 	0.9479  	-12.36784	9.25995 
311.0   	-2.76389	0.0     	0.5549  	0.83192 	-10.91965	14.81691
312.0   	-2.74196	0.0     	0.74361 	0.66862 	-9.01477	9.93442 
313.0   	-2.72004	0.0     	-0.39945	0.91675 	-11.56377	6.47657 
314.0   	-2.69811	0.0     	-0.99285	0.11936 	-0.4289 	8.01858 
315.0   	-2.67619	0.0     	0.73174 	0.68158 	-9.75282	8.78194 
316.0   	-2.65426	0.0     	0.36814 	0.92977 	-12.40924	3.24935 
317.0   	-2.63234	0.0     	0.34911 	0.93708 	-12.46633	15.85276
318.0   	-2.61041	0.0     	0.76218 	0.64737 	-9.83456	15.74904
319.0   	-2.58849	0.0     	-0.01907	0.99982 	-12.22858	7.86972 
320.0   	-2.56656	0.0     	0.76683 	0.64185 	-10.02145	2.62912 
321.0   	-2.54464	0.0     	0.9798  	0.19997 	-5.48399	5.59247 
322.0   	-2.52271	0.0     	-0.99954	0.03017 	3.01529 	8.87188 
323.0   	-2.50079	0.0     	-0.17462	0.98464 	-10.92343	12.1336 
324.0   	-2.47886	0.0     	0.999   	0.04464 	-4.29912	7.02263 
325.0   	-2.45694	0.0     	0.97424 	0.22552 	-6.44553	11.89406
326.0   	-2.43502	0.0     	0.66082 	0.75054 	-11.21539	10.45815
327.0   	-2.41309	0.0     	-0.21384	0.97687 	-9.99624	11.25731
328.0   	-2.39117	0.0     	0.66643 	0.74557 	-11.1691	12.75999
329.0   	-2.36924	0.0     	0.98647 	0.16397 	-6.25524	10.54144
330.0   	-2.34732	0.0     	-0.24635	0.96918 	-9.32468	11.05313
331.0   	-2.32539	0.0     	-0.54531	0.83823 	-6.39147	6.00866 
332.0   	-2.30347	0.0     	-0.39   	0.92082 	-7.89334	10.21238
333.0   	-2.28154	0.0     	-0.63728	0.77064 	-5.01757	13.01616
334.0   	-2.25962	0.0     	-0.41675	0.90902 	-7.46859	10.45563
335.0   	-2.23769	0.0     	-0.04013	0.99919 	-10.22125	10.92584
336.0   	-2.21577	0.0     	-0.05375	0.99855 	-10.12951	9.37887 
337.0   	-2.19384	0.0     	0.66668 	0.74535 	-11.13901	10.44247
338.0   	-2.17192	0.0     	-0.72244	0.69143 	-3.5383 	14.3034 
339.0   	-2.14999	0.0     	0.45899 	0.88844 	-11.7284	23.32333
340.0   	-2.12807	0.0     	-0.86924	0.49439 	-0.65868	5.29314 
341.0   	-2.10614	0.0     	0.85001 	0.52677 	-10.23881	6.22308 
342.0   	-2.08422	0.0     	-0.7751 	0.63184 	-2.55754	10.4851 
343.0   	-2.0623 	0.0     	-0.93666	0.35025 	1.52756 	9.03818 
344.0   	-2.04037	0.0     	0.81633 	0.57758 	-11.33775	13.3024 
345.0   	-2.01845	0.0     	-0.69384	0.72013 	-3.80903	11.23272
346.0   	-1.99652	0.0     	0.51029 	0.86    	-13.24181	16.31432
347.0   	-1.9746 	0.0     	-0.52455	0.85138 	-6.24254	15.09506
348.0   	-1.95267	0.0     	-0.2944 	0.95568 	-9.05361	6.88825 
349.0   	-1.93075	0.0     	-0.88604	0.46361 	1.43016 	10.08903
350.0   	-1.90882	0.0     	-0.99769	0.06788 	7.44556 	13.14141
351.0   	-1.8869 	0.0     	0.58099 	0.81391 	-14.80851	13.35288
352.0   	-1.86497	0.0     	0.45457 	0.89071 	-14.84905	7.88962 
353.0   	-1.84305	0.0     	0.48061 	0.87693 	-15.14448	0.1187  
354.0   	-1.82112	0.0     	0.93023 	0.36699 	-13.90793	17.44868
355.0   	-1.7992 	0.0     	0.42868 	0.90345 	-15.25501	6.25117 
356.0   	-1.77727	0.0     	-0.97332	0.22945 	8.31848 	15.03987
357.0   	-1.75535	0.0     	-0.88919	0.45754 	5.22795 	6.07347 
358.0   	-1.73342	0.0     	-0.92525	0.37935 	7.07697 	10.81388
359.0   	-1.7115 	0.0     	0.62895 	0.77745 	-16.66928	8.28132 
360.0   	-1.68957	0.0     	0.74448 	0.66765 	-17.12067	9.88666 
361.0   	-1.66765	0.0     	-0.04697	0.9989  	-9.96829	8.21823 
362.0   	-1.64573	0.0     	-0.05625	0.99842 	-9.53421	13.58292
363.0   	-1.6238 	0.0     	0.63545 	0.77214 	-17.01147	11.80803
364.0   	-1.60188	0.0     	0.47853 	0.87807 	-15.70544	7.88402 
365.0   	-1.57995	0.0     	-0.1394 	0.99024 	-7.15846	6.84554 
366.0   	-1.55803	0.0     	-0.44146	0.89728 	-1.16509	16.9344 
367.0   	-1.5361 	0.0     	-0.78332	0.62162 	7.20704 	9.20094 
368.0   	-1.51418	0.0     	-0.76627	0.64252 	7.25277 	7.04458 
369.0   	-1.49225	0.0     	0.98474 	0.17404 	-17.83014	0.89433 
370.0   	-1.47033	0.0     	0.42199 	0.9066  	-13.93912	6.63965 
371.0   	-1.4484 	0.0     	-0.61371	0.78953 	5.04375 	18.31757
372.0   	-1.42648	0.0     	0.7782  	0.62802 	-17.7698	9.34033 
373.0   	-1.40455	0.0     	0.91282 	0.40836 	-18.69756	9.69742 
374.0   	-1.38263	0.0     	0.26028 	0.96553 	-10.15871	14.42369
375.0   	-1.3607 	0.0     	-0.73526	0.67778 	9.77778 	13.62079
376.0   	-1.33878	0.0     	0.52507 	0.85106 	-13.62608	16.84131
377.0   	-1.31685	0.0     	0.65187 	0.75833 	-15.22056	3.82918 
378.0   	-1.29493	0.0     	-0.51708	0.85594 	6.33826 	9.38847 
379.0   	-1.273  	0.0     	0.81514 	0.57926 	-17.04533	5.65077 
380.0   	-1.25108	0.0     	-0.77511	0.63183 	12.69525	0.17653 
381.0   	-1.22916	0.0     	0.99686 	0.07916 	-18.79827	10.10674
382.0   	-1.20723	0.0     	0.27285 	0.96206 	-6.79915	8.07218 
383.0   	-1.18531	0.0     	0.3213  	0.94698 	-7.19231	16.56958
384.0   	-1.16338	0.0     	-0.93205	0.36232 	17.09755	14.2336 
385.0   	-1.14146	0.0     	0.62014 	0.78449 	-11.70639	15.67557
386.0   	-1.11953	0.0     	-0.54593	0.83783 	10.31552	9.56314 
387.0   	-1.09761	0.0     	0.26559 	0.96409 	-4.13266	6.83295 
388.0   	-1.07568	0.0     	0.11645 	0.9932  	-0.85371	13.24643
389.0   	-1.05376	0.0     	0.72569 	0.68802 	-11.89006	22.74237
390.0   	-1.03183	0.0     	-0.11277	0.99362 	4.27471 	13.93398
391.0   	-1.00991	0.0     	0.37789 	0.92585 	-4.12027	9.33647 
392.0   	-0.98798	0.0     	0.65484 	0.75577 	-8.96364	8.22402 
393.0   	-0.96606	0.0     	0.94578 	0.3248  	-15.02905	5.84922 
394.0   	-0.94413	0.0     	-0.02107	0.99978 	4.52884 	8.26895 
395.0   	-0.92221	0.0     	0.98322 	0.18243 	-15.44279	6.20289 
396.0   	-0.90028	0.0     	0.74139 	0.67107 	-8.63643	9.0699  
397.0   	-0.87836	0.0     	-0.58034	0.81438 	13.66762	9.7546  
398.0   	-0.85643	0.0     	0.83384 	0.552   	-9.66586	4.05168 
399.0   	-0.83451	0.0     	-0.91912	0.39399 	16.32393	15.317  
400.0   	-0.81259	0.0     	-0.99438	0.10591 	15.27079	3.4788  
401.0   	-0.79066	0.0     	-0.13908	0.99028 	8.85935 	7.95931 
402.0   	-0.76874	0.0     	-0.85504	0.51857 	15.51878	10.95116
403.0   	-0.74681	0.0     	-0.99771	0.06771 	13.75464	22.85632
404.0   	-0.72489	0.0     	-0.99963	0.02724 	12.99884	11.79168
405.0   	-0.70296	0.0     	0.31653 	0.94858 	3.68109 	14.34638
406.0   	-0.68104	0.0     	-0.99918	0.04056 	12.13485	10.68201
407.0   	-0.65911	0.0     	-0.45241	0.89181 	12.51986	14.41479
408.0   	-0.63719	0.0     	-0.43078	0.90246 	12.24535	10.47451
409.0   	-0.61526	0.0     	-0.81443	0.58026 	13.37458	13.54974
410.0   	-0.59334	0.0     	0.32722 	0.94495 	4.73106 	10.00363
411.0   	-0.57141	0.0     	0.49765 	0.86738 	2.55953 	9.15801 
412.0   	-0.54949	0.0     	-0.70116	0.71301 	12.47794	11.48294
413.0   	-0.52756	0.0     	-0.28475	0.9586  	10.55758	15.74319
414.0   	-0.50564	0.0     	-0.06793	0.99769 	8.86502 	5.70484 
415.0   	-0.48371	0.0     	-0.00866	0.99996 	8.29898 	11.08972
416.0   	-0.46179	0.0     	-0.84735	0.53103 	11.31946	9.45617 
417.0   	-0.43986	0.0     	-0.60002	0.79998 	11.33758	21.93582
418.0   	-0.41794	0.0     	-0.70552	0.70869 	11.33423	3.6935  
419.0   	-0.39602	0.0     	-0.45383	0.89109 	10.72868	8.45727 
420.0   	-0.37409	0.0     	0.76925 	0.63895 	-0.86909	3.67441 
421.0   	-0.35217	0.0     	0.9131  	0.40773 	-3.77947	8.07354 
422.0   	-0.33024	0.0     	-0.25832	0.96606 	9.77004 	8.63124 
423.0   	-0.30832	0.0     	-0.88202	0.47121 	10.53844	9.03137 
424.0   	-0.28639	0.0     	0.50972 	0.86034 	3.18488 	9.63984 
425.0   	-0.26447	0.0     	-0.89723	0.44156 	10.3854 	13.37809
426.0   	-0.24254	0.0     	0.92509 	0.37975 	-3.71059	15.54086
427.0   	-0.22062	0.0     	0.92506 	0.37981 	-3.60449	15.36709
428.0   	-0.19869	0.0     	0.42529 	0.90506 	4.69232 	15.19319
429.0   	-0.17677	0.0     	0.21638 	0.97631 	6.99096 	8.21525 
430.0   	-0.15484	0.0     	-0.32793	0.9447  	10.761  	4.22769 
431.0   	-0.13292	0.0     	-0.11659	0.99318 	9.83714 	14.33248
432.0   	-0.11099	0.0     	-0.97517	0.22144 	8.78356 	9.2382  
433.0   	-0.08907	0.0     	0.99959 	0.02851 	-6.50357	16.09535
434.0   	-0.06714	0.0     	0.57212 	0.82017 	4.09573 	6.01822 
435.0   	-0.04522	0.0     	-0.99916	0.04105 	6.87063 	12.68427
436.0   	-0.0233 	0.0     	0.77157 	0.63615 	1.50393 	6.00812 
437.0   	-0.00137	0.0     	-0.41807	0.90841 	11.82849	10.30899
438.0   	0.02055 	0.0     	0.29941 	0.95413 	8.15968 	15.33986
439.0   	0.04248 	0.0     	-0.99653	0.08319 	6.56387 	10.43226
440.0   	0.0644  	0.0     	-0.99504	0.09944 	6.52023 	13.08702
441.0   	0.08633 	0.0     	-0.90378	0.428   	9.44185 	5.49083 
442.0   	0.10825 	0.0     	-0.98221	0.18781 	6.98969 	8.40597 
443.0   	0.13018 	0.0     	0.32943 	0.94418 	9.24045 	8.68301 
444.0   	0.1521  	0.0     	0.37964 	0.92514 	9.08087 	21.92228
445.0   	0.17403 	0.0     	-0.99998	0.00581 	4.17796 	13.76055
446.0   	0.19595 	0.0     	0.76561 	0.6433  	4.82568 	3.73528 
447.0   	0.21788 	0.0     	0.40599 	0.91388 	9.74841 	9.64047 
448.0   	0.2398  	0.0     	-0.91298	0.408   	7.90305 	25.49547
449.0   	0.26173 	0.0     	-0.821  	0.57093 	9.44277 	15.34295
450.0   	0.28365 	0.0     	0.05726 	0.99836 	12.58468	6.34856 
451.0   	0.30558 	0.0     	0.79398 	0.60795 	6.25849 	16.55841
452.0   	0.3275  	0.0     	-0.72816	0.68541 	10.12219	6.98577 
453.0   	0.34943 	0.0     	-0.77968	0.62618 	9.20185 	12.15629
454.0   	0.37135 	0.0     	0.16631 	0.98607 	13.04712	8.69257 
455.0   	0.39327 	0.0     	0.40428 	0.91464 	12.2116 	13.89679
456.0   	0.4152  	0.0     	0.32244 	0.94659 	12.9305 	17.96145
457.0   	0.43712 	0.0     	-0.53915	0.84221 	11.23034	0.21006 
458.0   	0.45905 	0.0     	-0.99414	0.1081  	0.41098 	3.0581  
459.0   	0.48097 	0.0     	-0.98982	0.14233 	0.41083 	9.6197  
460.0   	0.5029  	0.0     	-0.6534 	0.75701 	9.21393 	12.13734
461.0   	0.52482 	0.0     	0.77809 	0.62815 	10.84871	5.79898 
462.0   	0.54675 	0.0     	-0.68106	0.73222 	8.16197 	6.58757 
463.0   	0.56867 	0.0     	-0.81247	0.58301 	5.21863 	12.09155
464.0   	0.5906  	0.0     	-0.36314	0.93174 	11.59373	12.2844 
465.0   	0.61252 	0.0     	0.91282 	0.40837 	10.14564	11.37314
466.0   	0.63445 	0.0     	-0.02561	0.99967 	13.89935	16.69975
467.0   	0.65637 	0.0     	-0.99731	0.07327 	-4.93831	11.55277
468.0   	0.6783  	0.0     	-0.84309	0.53778 	1.92826 	11.81444
469.0   	0.70022 	0.0     	-0.96925	0.24607 	-3.5633 	9.65312 
470.0   	0.72215 	0.0     	-0.97453	0.22425 	-4.5235 	12.02194
471.0   	0.74407 	0.0     	-0.91681	0.39932 	-2.31642	13.46303
472.0   	0.766   	0.0     	-0.11567	0.99329 	12.10347	11.43458
473.0   	0.78792 	0.0     	-0.99128	0.13176 	-7.79235	3.64306 
474.0   	0.80984 	0.0     	-0.98439	0.17601 	-7.78253	14.40297
475.0   	0.83177 	0.0     	0.96714 	0.25426 	13.53758	9.01399 
476.0   	0.85369 	0.0     	0.43204 	0.90185 	15.69339	10.27155
477.0   	0.87562 	0.0     	0.17975 	0.98371 	13.51177	6.19042 
478.0   	0.89754 	0.0     	0.99167 	0.12877 	13.63827	4.91633 
479.0   	0.91947 	0.0     	0.98832 	0.15239 	14.22342	16.19004
480.0   	0.94139 	0.0     	0.33855 	0.94095 	13.96878	3.10968 
481.0   	0.96332 	0.0     	0.4811  	0.87667 	14.87887	18.97018
482.0   	0.98524 	0.0     	0.0732  	0.99732 	9.99396 	6.78865 
483.0   	1.00717 	0.0     	0.88672 	0.46232 	16.30999	14.72864
484.0   	1.02909 	0.0     	-0.61665	0.78724 	-2.53973	16.03198
485.0   	1.05102 	0.0     	-0.59869	0.80098 	-2.70134	9.80017 
486.0   	1.07294 	0.0     	-0.27917	0.96024 	2.47121 	6.08308 
487.0   	1.09487 	0.0     	-0.76685	0.64182 	-7.04301	0.80226 
488.0   	1.11679 	0.0     	0.92991 	0.3678  	15.45326	13.43087
489.0   	1.13872 	0.0     	0.57081 	0.82108 	12.43617	9.30371 
490.0   	1.16064 	0.0     	-0.77804	0.62821 	-8.14472	17.54023
491.0   	1.18257 	0.0     	-0.43198	0.90189 	-2.29593	17.86813
492.0   	1.20449 	0.0     	0.69539 	0.71863 	12.52786	7.44981 
493.0   	1.22641 	0.0     	0.5532  	0.83305 	10.55197	8.94191 
494.0   	1.24834 	0.0     	0.9747  	0.2235  	14.15472	6.2585  
495.0   	1.27026 	0.0     	-0.7355 	0.67752 	-8.29661	13.92758
496.0   	1.29219 	0.0     	0.68833 	0.7254  	10.97633	9.30739 
497.0   	1.31411 	0.0     	0.29253 	0.95626 	5.76621 	14.63468
498.0   	1.33604 	0.0     	-0.72297	0.69087 	-8.47871	0.35866 
499.0   	1.35796 	0.0     	0.33413 	0.94253 	5.60051 	10.47888
500.0   	1.37989 	0.0     	-0.12272	0.99244 	-0.59699	7.63249 
501.0   	1.40181 	0.0     	-0.50957	0.86043 	-5.90498	20.47782
502.0   	1.42374 	0.0     	-0.15216	0.98836 	-1.47952	14.1905 
503.0   	1.44566 	0.0     	0.97947 	0.20158 	12.28205	5.8992  
504.0   	1.46759 	0.0     	-0.19941	0.97992 	-2.51405	12.49019
505.0   	1.48951 	0.0     	-0.59304	0.80517 	-7.4688 	2.86986 
506.0   	1.51144 	0.0     	-0.9571 	0.28977 	-11.68988	18.03147
507.0   	1.53336 	0.0     	0.94101 	0.33838 	10.96597	12.87436
508.0   	1.55529 	0.0     	0.765   	0.64403 	8.40456 	9.20287 
509.0   	1.57721 	0.0     	-0.04263	0.99909 	-1.63604	13.65121
510.0   	1.59914 	0.0     	-0.95386	0.30025 	-11.38045	11.52199
511.0   	1.62106 	0.0     	0.2084  	0.97804 	0.88503 	9.47522 
512.0   	1.64298 	0.0     	-0.43274	0.90152 	-6.40587	4.9206  
513.0   	1.66491 	0.0     	0.66016 	0.75112 	5.94671 	5.39885 
514.0   	1.68683 	0.0     	0.25349 	0.96734 	0.81846 	14.03998
515.0   	1.70876 	0.0     	0.12912 	0.99163 	-0.77874	7.95971 
516.0   	1.73068 	0.0     	0.95653 	0.29162 	9.65285 	3.12911 
517.0   	1.75261 	0.0     	0.15781 	0.98747 	-0.79801	13.78473
518.0   	1.77453 	0.0     	0.88589 	0.4639  	8.1688  	11.889  
519.0   	1.79646 	0.0     	0.82876 	0.55961 	7.15094 	7.36223 
520.0   	1.81838 	0.0     	0.40839 	0.91281 	1.56271 	16.86161
521.0   	1.84031 	0.0     	-0.34944	0.93696 	-6.53437	1.14627 
522.0   	1.86223 	0.0     	-0.90911	0.41657 	-10.71906	14.24724
523.0   	1.88416 	0.0     	-0.88741	0.46099 	-10.64765	14.22575
524.0   	1.90608 	0.0     	0.22108 	0.97525 	-1.18425	1.30752 
525.0   	1.92801 	0.0     	0.95797 	0.28688 	8.65812 	10.95263
526.0   	1.94993 	0.0     	-0.93518	0.35417 	-10.78363	15.77225
527.0   	1.97186 	0.0     	-0.37539	0.92687 	-7.42692	14.95473
528.0   	1.99378 	0.0     	-0.07513	0.99717 	-4.82388	3.86347 
529.0   	2.0157  	0.0     	-0.09406	0.99557 	-5.14971	10.27199
530.0   	2.03763 	0.0     	-0.95343	0.30162 	-10.85137	0.12259 
531.0   	2.05955 	0.0     	-0.83   	0.55776 	-10.82038	8.59318 
532.0   	2.08148 	0.0     	0.7846  	0.62    	4.93423 	5.88255 
533.0   	2.1034  	0.0     	-0.37186	0.92829 	-8.23043	6.70393 
534.0   	2.12533 	0.0     	0.57888 	0.81541 	1.69651 	7.75428 
535.0   	2.14725 	0.0     	-0.68192	0.73143 	-10.67072	20.66364
536.0   	2.16918 	0.0     	-0.86607	0.49992 	-11.4374	15.95359
537.0   	2.1911  	0.0     	-0.75815	0.65208 	-11.34055	10.91972
538.0   	2.21303 	0.0     	-0.58804	0.80883 	-10.71243	9.89241 
539.0   	2.23495 	0.0     	0.62308 	0.78216 	1.56569 	5.22104 
540.0   	2.25688 	0.0     	0.3504  	0.9366  	-2.39537	3.2786  
541.0   	2.2788  	0.0     	0.86035 	0.50971 	5.42618 	3.44576 
542.0   	2.30073 	0.0     	-0.94795	0.31843 	-11.98081	11.95908
543.0   	2.32265 	0.0     	-0.85906	0.51187 	-12.60838	11.58363
544.0   	2.34458 	0.0     	-0.42928	0.90317 	-11.38594	16.53121
545.0   	2.3665  	0.0     	0.52438 	0.85148 	-1.51683	6.74674 
546.0   	2.38843 	0.0     	-0.51905	0.85474 	-12.60445	0.61121 
547.0   	2.41035 	0.0     	0.49096 	0.87118 	-2.86334	8.04213 
548.0   	2.43227 	0.0     	-0.69669	0.71738 	-13.75485	14.74987
549.0   	2.4542  	0.0     	0.72048 	0.69348 	0.15355 	17.40339
550.0   	2.47612 	0.0     	0.74297 	0.66933 	0.09994 	10.96305
551.0   	2.49805 	0.0     	-0.77487	0.63212 	-14.12001	0.81884 
552.0   	2.51997 	0.0     	-0.99693	0.07829 	-9.79284	10.7566 
553.0   	2.5419  	0.0     	0.00091 	1.0     	-11.95153	10.92506
554.0   	2.56382 	0.0     	-0.1468 	0.98917 	-13.47656	8.70487 
555.0   	2.58575 	0.0     	0.14691 	0.98915 	-11.61329	14.69915
556.0   	2.60767 	0.0     	-0.75046	0.66092 	-14.07557	4.68044 
557.0   	2.6296  	0.0     	-0.99348	0.11399 	-8.02065	13.90652
558.0   	2.65152 	0.0     	0.43565 	0.90011 	-10.0273	14.02967
559.0   	2.67345 	0.0     	-0.45915	0.88836 	-15.17088	5.94481 
560.0   	2.69537 	0.0     	-0.20567	0.97862 	-15.26144	16.61181
561.0   	2.7173  	0.0     	0.86653 	0.49913 	-3.86305	21.76871
562.0   	2.73922 	0.0     	0.99873 	0.05034 	2.70506 	0.16164 
563.0   	2.76115 	0.0     	-0.15239	0.98832 	-15.50254	20.40118
564.0   	2.78307 	0.0     	-0.18206	0.98329 	-15.54509	14.90003
565.0   	2.805   	0.0     	0.96635 	0.25721 	-2.47274	11.46093
566.0   	2.82692 	0.0     	-0.97007	0.24281 	-4.71053	14.31697
567.0   	2.84884 	0.0     	0.98889 	0.14865 	-2.01183	1.36797 
568.0   	2.87077 	0.0     	0.89779 	0.44043 	-7.19056	16.45643
569.0   	2.89269 	0.0     	-0.995  	0.09989 	-0.67815	9.52453 
570.0   	2.91462 	0.0     	-0.56759	0.82331 	-12.11198	15.97124
571.0   	2.93654 	0.0     	-0.93384	0.3577  	-3.67197	10.14792
572.0   	2.95847 	0.0     	-0.66187	0.74962 	-9.97912	15.31966
573.0   	2.98039 	0.0     	0.86393 	0.50361 	-10.64829	18.58604
574.0   	3.00232 	0.0     	-0.89937	0.4372  	-3.37154	12.87096
575.0   	3.02424 	0.0     	0.46858 	0.88342 	-15.63159	4.25247 
576.0   	3.04617 	0.0     	-0.51609	0.85654 	-10.57047	7.03665 
577.0   	3.06809 	0.0     	0.14587 	0.9893  	-15.74702	7.67719 
578.0   	3.09002 	0.0     	0.99108 	0.13326 	-7.81816	0.33724 
579.0   	3.11194 	0.0     	-0.97293	0.23109 	2.77357 	6.04185 
580.0   	3.13387 	0.0     	-0.46345	0.88612 	-9.76427	9.15601 
581.0   	3.15579 	0.0     	0.99122 	0.13222 	-9.12627	4.82941 
582.0   	3.17772 	0.0     	-0.98035	0.19728 	4.78068 	16.84919
583.0   	3.19964 	0.0     	0.4759  	0.8795  	-16.13009	1.07352 
584.0   	3.22157 	0.0     	0.52826 	0.84908 	-16.13767	8.42531 
585.0   	3.24349 	0.0     	-0.87339	0.48703 	1.2711  	11.76594
586.0   	3.26541 	0.0     	-0.14226	0.98983 	-11.6977	14.93289
587.0   	3.28734 	0.0     	0.98275 	0.18495 	-11.87841	8.02678 
588.0   	3.30926 	0.0     	-0.54042	0.8414  	-5.18826	10.2034 
589.0   	3.33119 	0.0     	0.92728 	0.37437 	-14.16173	14.35746
590.0   	3.35311 	0.0     	0.36524 	0.93091 	-15.02831	6.64134 
591.0   	3.37504 	0.0     	-0.60237	0.79822 	-2.75972	9.6151  
592.0   	3.39696 	0.0     	-0.909  	0.41681 	5.39281 	5.68838 
593.0   	3.41889 	0.0     	-0.99505	0.09939 	10.21957	13.92302
594.0   	3.44081 	0.0     	0.55094 	0.83454 	-15.30665	13.14761
595.0   	3.46274 	0.0     	0.65523 	0.75543 	-15.54339	5.66448 
596.0   	3.48466 	0.0     	0.80484 	0.59349 	-15.56701	17.81484
597.0   	3.50659 	0.0     	-0.37131	0.92851 	-4.49856	15.69475
598.0   	3.52851 	0.0     	-0.99999	0.00319 	12.20112	17.5548 
599.0   	3.55044 	0.0     	0.72596 	0.68774 	-15.15309	6.85684 
600.0   	3.57236 	0.0     	-0.84012	0.54241 	5.73239 	3.51411 
601.0   	3.59429 	0.0     	0.70513 	0.70908 	-14.72208	12.18682
602.0   	3.61621 	0.0     	-0.95848	0.28517 	9.7231  	1.29391 
603.0   	3.63814 	0.0     	-0.44782	0.89412 	-1.26549	14.44814
604.0   	3.66006 	0.0     	0.72964 	0.68383 	-14.21445	20.85257
605.0   	3.68198 	0.0     	0.77134 	0.63643 	-14.18383	4.835   
606.0   	3.70391 	0.0     	-0.46224	0.88676 	-0.26768	6.59622 
607.0   	3.72583 	0.0     	0.92369 	0.38314 	-13.9991	20.01656
608.0   	3.74776 	0.0     	-0.33883	0.94085 	-1.73744	3.79889 
609.0   	3.76968 	0.0     	-0.96858	0.2487  	10.38898	12.71468
610.0   	3.79161 	0.0     	0.99934 	0.03624 	-12.3981	12.20274
611.0   	3.81353 	0.0     	0.35357 	0.93541 	-9.60512	2.96663 
612.0   	3.83546 	0.0     	0.17942 	0.98377 	-7.61115	10.51436
613.0   	3.85738 	0.0     	-0.69409	0.71989 	4.3531  	9.51721 
614.0   	3.87931 	0.0     	0.06205 	0.99807 	-6.06589	10.51299
615.0   	3.90123 	0.0     	-0.30193	0.95333 	-1.48652	16.98925
616.0   	3.92316 	0.0     	-0.90597	0.42335 	8.39699 	15.77014
617.0   	3.94508 	0.0     	0.99917 	0.04073 	-11.92121	14.98005
618.0   	3.96701 	0.0     	0.07568 	0.99713 	-6.12588	11.06228
619.0   	3.98893 	0.0     	-0.48086	0.8768  	1.06267 	16.03308
620.0   	4.01086 	0.0     	-0.84597	0.53324 	7.27359 	3.6545  
621.0   	4.03278 	0.0     	-0.62173	0.78323 	3.35616 	17.13066
622.0   	4.0547  	0.0     	0.93768 	0.34751 	-13.36076	7.07891 
623.0   	4.07663 	0.0     	0.97274 	0.23188 	-13.39108	18.4817 
624.0   	4.09855 	0.0     	-0.94868	0.31623 	10.43032	11.58074
625.0   	4.12048 	0.0     	0.59887 	0.80085 	-11.97451	14.33347
626.0   	4.1424  	0.0     	0.99579 	0.09163 	-13.72371	5.03831 
627.0   	4.16433 	0.0     	0.67561 	0.73726 	-12.89027	19.40363
628.0   	4.18625 	0.0     	0.39417 	0.91904 	-9.96183	5.58381 
629.0   	4.20818 	0.0     	0.44948 	0.89329 	-10.59077	11.74358
630.0   	4.2301  	0.0     	0.99962 	0.02748 	-14.62771	18.95955
631.0   	4.25203 	0.0     	-0.20219	0.97935 	-1.20797	15.07469
632.0   	4.27395 	0.0     	0.67044 	0.74196 	-13.11493	16.72114
633.0   	4.29588 	0.0     	0.92172 	0.38785 	-15.62105	8.35024 
634.0   	4.3178  	0.0     	-0.30852	0.95122 	1.50241 	9.8779  
635.0   	4.33973 	0.0     	-0.42476	0.90531 	3.86238 	2.44263 
636.0   	4.36165 	0.0     	-0.81397	0.58091 	11.44376	10.03479
637.0   	4.38358 	0.0     	-0.55773	0.83002 	7.01582 	14.51772
638.0   	4.4055  	0.0     	0.57949 	0.81498 	-11.30469	9.46647 
639.0   	4.42743 	0.0     	-0.89962	0.43667 	14.22737	13.88359
640.0   	4.44935 	0.0     	0.36587 	0.93067 	-7.43597	6.12505 
641.0   	4.47127 	0.0     	0.75607 	0.65449 	-13.46069	11.2817 
642.0   	4.4932  	0.0     	0.14377 	0.98961 	-3.00913	6.42366 
643.0   	4.51512 	0.0     	-0.98216	0.18804 	16.83683	10.86206
644.0   	4.53705 	0.0     	0.84026 	0.54218 	-14.32672	11.56671
645.0   	4.55897 	0.0     	0.42132 	0.90691 	-6.61794	0.6269  
646.0   	4.5809  	0.0     	0.41301 	0.91073 	-6.07589	7.44786 
647.0   	4.60282 	0.0     	-0.65926	0.75192 	12.6533 	6.74238 
648.0   	4.62475 	0.0     	0.00478 	0.99999 	2.01247 	8.07387 
649.0   	4.64667 	0.0     	-0.93327	0.35918 	17.03981	8.79729 
650.0   	4.6686  	0.0     	0.96482 	0.2629  	-15.81278	16.66754
651.0   	4.69052 	0.0     	0.89346 	0.44913 	-13.73654	6.08891 
652.0   	4.71245 	0.0     	-0.04325	0.99906 	4.69766 	9.31378 
653.0   	4.73437 	0.0     	0.65924 	0.75193 	-7.8034 	2.35057 
654.0   	4.7563  	0.0     	0.4124  	0.911   	-2.43437	12.01175
655.0   	4.77822 	0.0     	0.6991  	0.71503 	-7.73951	11.67265
656.0   	4.80015 	0.0     	-0.37915	0.92534 	11.62266	11.66959
657.0   	4.82207 	0.0     	-0.98907	0.14745 	16.91312	3.74361 
658.0   	4.844   	0.0     	0.05005 	0.99875 	5.97626 	12.70703
659.0   	4.86592 	0.0     	0.40983 	0.91216 	0.19081 	7.59859 
660.0   	4.88784 	0.0     	-0.96314	0.26899 	16.86738	7.217   
661.0   	4.90977 	0.0     	0.13818 	0.99041 	5.98681 	20.59382
662.0   	4.93169 	0.0     	-0.97486	0.2228  	16.26227	15.22392
663.0   	4.95362 	0.0     	0.99975 	0.02231 	-14.15788	8.28235 
664.0   	4.97554 	0.0     	-0.81479	0.57975 	16.86952	6.58353 
665.0   	4.99747 	0.0     	-0.30654	0.95186 	13.54823	12.57351
666.0   	5.01939 	0.0     	0.75891 	0.6512  	-3.3024 	9.11949 
667.0   	5.04132 	0.0     	-0.99995	0.01015 	12.81836	7.89768 
668.0   	5.06324 	0.0     	-0.42866	0.90347 	15.21203	11.78532
669.0   	5.08517 	0.0     	0.24539 	0.96942 	8.15748 	8.10269 
670.0   	5.10709 	0.0     	-0.01599	0.99987 	11.91122	11.52267
671.0   	5.12902 	0.0     	-0.99779	0.06638 	11.48492	13.6046 
672.0   	5.15094 	0.0     	0.92802 	0.37252 	-4.82038	9.37005 
673.0   	5.17287 	0.0     	-0.9497 	0.31316 	13.06209	9.94907 
674.0   	5.19479 	0.0     	-0.56471	0.82529 	15.72534	11.80997
675.0   	5.21672 	0.0     	0.49857 	0.86685 	7.19538 	6.30374 
676.0   	5.23864 	0.0     	-0.40232	0.9155  	15.32785	18.27958
677.0   	5.26057 	0.0     	-0.79938	0.60082 	13.81741	5.52633 
678.0   	5.28249 	0.0     	0.48879 	0.8724  	8.70836 	15.12591
679.0   	5.30441 	0.0     	0.59197 	0.80596 	7.58964 	19.2195 
680.0   	5.32634 	0.0     	-0.95136	0.30808 	9.20918 	7.91046 
681.0   	5.34826 	0.0     	0.97515 	0.22153 	-1.41135	2.04344 
682.0   	5.37019 	0.0     	0.96654 	0.25653 	-0.29148	7.10545 
683.0   	5.39211 	0.0     	-0.4279 	0.90383 	13.81258	8.35282 
684.0   	5.41404 	0.0     	0.66434 	0.74743 	8.31647 	5.03524 
685.0   	5.43596 	0.0     	0.56163 	0.82739 	9.87224 	9.27808 
686.0   	5.45789 	0.0     	-0.4752 	0.87988 	12.48002	6.11429 
687.0   	5.47981 	0.0     	0.68285 	0.73056 	8.68032 	4.00758 
688.0   	5.50174 	0.0     	0.02083 	0.99978 	12.80274	19.69515
689.0   	5.52366 	0.0     	0.67139 	0.7411  	9.01128 	10.16214
690.0   	5.54559 	0.0     	-0.38894	0.92126 	11.42511	9.01657 
691.0   	5.56751 	0.0     	-0.14995	0.98869 	11.9413 	15.90681
692.0   	5.58944 	0.0     	-0.17413	0.98472 	11.61833	9.57726 
693.0   	5.61136 	0.0     	-0.37323	0.92774 	10.58685	13.13881
694.0   	5.63329 	0.0     	0.99772 	0.06748 	1.51973 	12.79579
695.0   	5.65521 	0.0     	0.94511 	0.32675 	4.52948 	20.35035
696.0   	5.67714 	0.0     	0.86708 	0.49817 	6.42003 	1.22369 
697.0   	5.69906 	0.0     	0.2274  	0.9738  	10.89801	7.50022 
698.0   	5.72098 	0.0     	-0.84353	0.53709 	4.70882 	2.15012 
699.0   	5.74291 	0.0     	-0.25442	0.96709 	9.95622 	9.25604 
700.0   	5.76483 	0.0     	0.78283 	0.62224 	7.74253 	13.04903
701.0   	5.78676 	0.0     	0.98465 	0.17456 	3.40814 	7.41101 
702.0   	5.80868 	0.0     	-0.99683	0.07953 	-0.88166	12.63303
703.0   	5.83061 	0.0     	-0.79837	0.60217 	4.76128 	6.1617  
704.0   	5.85253 	0.0     	-0.64037	0.76807 	6.64756 	4.79887 
705.0   	5.87446 	0.0     	-0.74606	0.66588 	5.27446 	12.74538
706.0   	5.89638 	0.0     	-0.9307 	0.36578 	1.69558 	5.7984  
707.0   	5.91831 	0.0     	0.31332 	0.94965 	10.37715	11.26179
708.0   	5.94023 	0.0     	-0.58729	0.80938 	6.76675 	4.95633 
709.0   	5.96216 	0.0     	-0.36045	0.93278 	8.50749 	13.10056
710.0   	5.98408 	0.0     	-0.58888	0.80822 	6.5516  	11.35634
711.0   	6.00601 	0.0     	-0.88799	0.45987 	2.05503 	7.09184 
712.0   	6.02793 	0.0     	0.7738  	0.63343 	8.7928  	13.09542
713.0   	6.04986 	0.0     	-0.40011	0.91647 	7.94904 	15.37055
714.0   	6.07178 	0.0     	-0.27701	0.96087 	8.74793 	11.03261
715.0   	6.0937  	0.0     	0.12963 	0.99156 	10.49177	7.86105 
716.0   	6.11563 	0.0     	-0.51976	0.85431 	6.6231  	14.61784
717.0   	6.13755 	0.0     	-0.95314	0.30252 	-0.83166	14.94314
718.0   	6.15948 	0.0     	-0.73616	0.67681 	3.6708  	0.33039 
719.0   	6.1814  	0.0     	-0.85093	0.52528 	1.44692 	16.52514
720.0   	6.20333 	0.0     	0.17068 	0.98533 	10.76649	10.53971
721.0   	6.22525 	0.0     	0.99721 	0.07463 	5.76692 	18.62788
722.0   	6.24718 	0.0     	-0.07045	0.99752 	9.68622 	13.76723
723.0   	6.2691  	0.0     	0.79091 	0.61194 	10.55566	10.39869
724.0   	6.29103 	0.0     	0.55089 	0.83458 	11.60271	1.21079 
725.0   	6.31295 	0.0     	-0.74312	0.66916 	2.16812 	16.5718 
726.0   	6.33488 	0.0     	0.27332 	0.96192 	11.37583	2.82829 
727.0   	6.3568  	0.0     	0.0295  	0.99956 	10.16573	9.97711 
728.0   	6.37873 	0.0     	0.46307 	0.88632 	12.05595	12.57822
729.0   	6.40065 	0.0     	-0.18636	0.98248 	8.34503 	8.73794 
730.0   	6.42258 	0.0     	0.41881 	0.90807 	12.14175	6.49273 
731.0   	6.4445  	0.0     	0.74798 	0.66372 	12.47485	9.60887 
732.0   	6.46643 	0.0     	-0.8187 	0.57422 	-1.26908	4.76561 
733.0   	6.48835 	0.0     	-0.6542 	0.75632 	1.57871 	11.18449
734.0   	6.51027 	0.0     	0.18546 	0.98265 	11.04377	8.49624 
735.0   	6.5322  	0.0     	0.90966 	0.41535 	12.50078	8.6027  
736.0   	6.55412 	0.0     	0.8165  	0.57734 	13.39007	10.05268
737.0   	6.57605 	0.0     	-0.52826	0.84908 	2.40365 	13.89422
738.0   	6.59797 	0.0     	-0.45197	0.89203 	3.26984 	6.09839 
739.0   	6.6199  	0.0     	-0.98821	0.15309 	-9.50916	3.44039 
740.0   	6.64182 	0.0     	-0.97696	0.21341 	-9.2856 	5.90888 
741.0   	6.66375 	0.0     	-0.93696	0.34944 	-8.10177	10.48262
742.0   	6.68567 	0.0     	-0.26959	0.96298 	4.67681 	20.30622
743.0   	6.7076  	0.0     	-0.9402 	0.34062 	-9.15942	23.94207
744.0   	6.72952 	0.0     	-0.9927 	0.12062 	-12.04445	5.23142 
745.0   	6.75145 	0.0     	0.67943 	0.73374 	14.66294	7.13265 
746.0   	6.77337 	0.0     	0.63604 	0.77166 	14.37961	17.6342 
747.0   	6.7953  	0.0     	-0.99813	0.06118 	-13.89065	10.59697
748.0   	6.81722 	0.0     	-0.99998	0.00601 	-14.69908	15.3616 
749.0   	6.83915 	0.0     	0.93881 	0.34444 	16.26794	4.56552 
750.0   	6.86107 	0.0     	0.49256 	0.87028 	12.45488	4.28115 
751.0   	6.883   	0.0     	0.74665 	0.66521 	15.18209	9.99986 
752.0   	6.90492 	0.0     	-0.62509	0.78055 	-6.57061	12.05949
753.0   	6.92684 	0.0     	-0.58767	0.8091  	-6.45307	17.68881
754.0   	6.94877 	0.0     	0.24198 	0.97028 	7.27675 	10.93159
755.0   	6.97069 	0.0     	0.94224 	0.33495 	16.74679	6.86738 
756.0   	6.99262 	0.0     	-0.97561	0.21952 	-16.04194	9.69888 
757.0   	7.01454 	0.0     	0.99971 	0.0242  	16.99351	8.12503 
758.0   	7.03647 	0.0     	-0.93212	0.36216 	-15.519 	10.02201
759.0   	7.05839 	0.0     	0.49481 	0.869   	8.47845 	23.87588
760.0   	7.08032 	0.0     	0.90412 	0.42729 	14.95134	10.00068
761.0   	7.10224 	0.0     	-0.97934	0.20222 	-16.48765	22.77783
762.0   	7.12417 	0.0     	0.3309  	0.94367 	3.81212 	18.49788
763.0   	7.14609 	0.0     	-0.97471	0.22346 	-16.25615	17.39325
764.0   	7.16802 	0.0     	0.99864 	0.05207 	15.71173	4.63975 
765.0   	7.18994 	0.0     	-0.64683	0.76264 	-12.63301	10.77327
766.0   	7.21187 	0.0     	0.95486 	0.29706 	13.43096	6.24372 
767.0   	7.23379 	0.0     	0.8726  	0.48844 	10.91831	13.63092
768.0   	7.25572 	0.0     	-0.59735	0.80198 	-12.51582	1.37657 
769.0   	7.27764 	0.0     	-0.94863	0.31638 	-15.11818	16.80487
770.0   	7.29957 	0.0     	0.82391 	0.56672 	8.25727 	13.96127
771.0   	7.32149 	0.0     	0.28615 	0.95818 	-1.82435	6.29749 
772.0   	7.34341 	0.0     	0.47207 	0.88156 	0.64978 	0.68272 
773.0   	7.36534 	0.0     	-0.26508	0.96423 	-9.73224	13.49386
774.0   	7.38726 	0.0     	0.98105 	0.19376 	10.75601	11.17985
775.0   	7.40919 	0.0     	-0.73451	0.6786  	-13.65317	9.05207 
776.0   	7.43111 	0.0     	-0.46597	0.8848  	-11.98761	11.58315
777.0   	7.45304 	0.0     	0.97433 	0.22512 	9.15842 	22.23641
778.0   	7.47496 	0.0     	0.80103 	0.59862 	3.89749 	14.55405
779.0   	7.49689 	0.0     	-0.27739	0.96076 	-10.73471	2.41475 
780.0   	7.51881 	0.0     	0.49691 	0.8678  	-2.26377	1.47353 
781.0   	7.54074 	0.0     	0.99411 	0.1084  	8.70158 	15.08106
782.0   	7.56266 	0.0     	0.877   	0.48049 	3.98115 	11.20039
783.0   	7.58459 	0.0     	0.84537 	0.53418 	2.82776 	9.40947 
784.0   	7.60651 	0.0     	0.14961 	0.98875 	-7.64968	9.97447 
785.0   	7.62844 	0.0     	-0.6093 	0.79294 	-12.30944	11.35088
786.0   	7.65036 	0.0     	-0.93033	0.36673 	-10.77817	17.34919
787.0   	7.67229 	0.0     	0.98838 	0.15204 	6.06397 	8.68675 
788.0   	7.69421 	0.0     	0.31076 	0.95049 	-6.79153	21.08826
789.0   	7.71614 	0.0     	-0.67459	0.73819 	-11.77066	4.22011 
790.0   	7.73806 	0.0     	-0.28358	0.95895 	-11.17168	8.94113 
791.0   	7.75998 	0.0     	-0.98172	0.19034 	-8.05553	14.0156 
792.0   	7.78191 	0.0     	0.34969 	0.93687 	-7.1077 	5.53668 
793.0   	7.80383 	0.0     	-0.50944	0.86051 	-11.42452	17.07445
794.0   	7.82576 	0.0     	0.20693 	0.97836 	-8.59549	12.17984
795.0   	7.84768 	0.0     	-0.84626	0.53277 	-9.69207	12.27931
796.0   	7.86961 	0.0     	-0.98983	0.14224 	-6.28282	6.70398 
797.0   	7.89153 	0.0     	0.92395 	0.38251 	0.46045 	9.88175 
798.0   	7.91346 	0.0     	0.859   	0.51198 	-1.3624 	7.76831 
799.0   	7.93538 	0.0     	0.30199 	0.95331 	-8.35102	11.1224 
800.0   	7.95731 	0.0     	0.8364  	0.54812 	-2.22309	8.18467 
801.0   	7.97923 	0.0     	-0.99133	0.13143 	-5.04665	14.79183
802.0   	8.00116 	0.0     	-0.33776	0.94123 	-10.72448	10.8905 
803.0   	8.02308 	0.0     	-0.78813	0.61551 	-8.88504	6.3813  
804.0   	8.04501 	0.0     	0.3402  	0.94035 	-8.44413	7.00797 
805.0   	8.06693 	0.0     	-0.56509	0.82503 	-10.07668	16.85158
806.0   	8.08886 	0.0     	-0.13121	0.99135 	-10.43947	14.50226
807.0   	8.11078 	0.0     	0.90107 	0.43367 	-1.94176	10.89976
808.0   	8.1327  	0.0     	0.96106 	0.27635 	-0.30579	13.69226
809.0   	8.15463 	0.0     	-0.44042	0.89779 	-10.25649	13.8098 
810.0   	8.17655 	0.0     	-0.66832	0.74387 	-9.20726	6.63769 
811.0   	8.19848 	0.0     	-0.85505	0.51854 	-7.28809	21.44513
812.0   	8.2204  	0.0     	0.84207 	0.53936 	-3.70728	7.02302 
813.0   	8.24233 	0.0     	0.44658 	0.89474 	-8.34299	3.74283 
814.0   	8.26425 	0.0     	-0.7963 	0.60491 	-7.97635	9.48496 
815.0   	8.28618 	0.0     	0.5329  	0.84618 	-7.88208	16.60166
816.0   	8.3081  	0.0     	0.97056 	0.24085 	-0.70315	14.64105
817.0   	8.33003 	0.0     	-0.73123	0.68213 	-8.75214	18.34181
818.0   	8.35195 	0.0     	-0.86817	0.49627 	-7.00885	7.14083 
819.0   	8.37388 	0.0     	-0.27601	0.96115 	-11.234 	13.1041 
820.0   	8.3958  	0.0     	-0.71027	0.70393 	-9.16305	2.20737 
821.0   	8.41773 	0.0     	-0.1438 	0.98961 	-11.75833	6.52212 
822.0   	8.43965 	0.0     	0.99055 	0.13716 	-0.38286	6.32882 
823.0   	8.46158 	0.0     	0.84596 	0.53324 	-5.63041	12.7794 
824.0   	8.4835  	0.0     	0.10732 	0.99423 	-12.37784	12.15438
825.0   	8.50543 	0.0     	-0.99883	0.04837 	-1.11432	9.44911 
826.0   	8.52735 	0.0     	-0.892  	0.45203 	-6.06988	7.37383 
827.0   	8.54927 	0.0     	0.11391 	0.99349 	-13.39335	7.70245 
828.0   	8.5712  	0.0     	-0.44222	0.89691 	-12.00347	8.50531 
829.0   	8.59312 	0.0     	-0.99625	0.08653 	-0.01898	11.83238
830.0   	8.61505 	0.0     	-0.9317 	0.36322 	-3.5666 	10.76691
831.0   	8.63697 	0.0     	-0.8417 	0.53995 	-5.88149	13.97511
832.0   	8.6589  	0.0     	-0.95567	0.29444 	-1.58424	7.64944 
833.0   	8.68082 	0.0     	-0.80822	0.58888 	-5.90439	5.12201 
834.0   	8.70275 	0.0     	-0.77872	0.62737 	-6.16841	5.9169  
835.0   	8.72467 	0.0     	-0.98391	0.17867 	1.89927 	8.90169 
836.0   	8.7466  	0.0     	0.91279 	0.40843 	-10.88845	10.67507
837.0   	8.76852 	0.0     	-0.81414	0.58067 	-3.90409	11.71319
838.0   	8.79045 	0.0     	0.83325 	0.5529  	-13.62782	16.88262
839.0   	8.81237 	0.0     	-0.04305	0.99907 	-14.52877	11.55897
840.0   	8.8343  	0.0     	-0.11257	0.99364 	-13.80293	14.73488
841.0   	8.85622 	0.0     	-0.92613	0.3772  	2.11081 	10.4294 
842.0   	8.87815 	0.0     	0.90423 	0.42705 	-14.1654	12.19852
843.0   	8.90007 	0.0     	0.80522 	0.59298 	-16.05192	2.92184 
844.0   	8.922   	0.0     	-0.67211	0.74046 	-3.80691	12.6911 
845.0   	8.94392 	0.0     	-0.99521	0.09781 	9.04154 	6.11942 
846.0   	8.96584 	0.0     	0.84423 	0.53598 	-16.60739	8.92833 
847.0   	8.98777 	0.0     	-0.66324	0.74841 	-2.45943	5.16695 
848.0   	9.00969 	0.0     	0.99938 	0.03534 	-12.41203	6.19731 
849.0   	9.03162 	0.0     	-0.96804	0.25081 	8.7889  	10.99564
850.0   	9.05354 	0.0     	-0.50457	0.86337 	-4.37217	5.90727 
851.0   	9.07547 	0.0     	0.33608 	0.94183 	-16.01418	10.40319
852.0   	9.09739 	0.0     	-0.4332 	0.9013  	-4.80858	9.7669  
853.0   	9.11932 	0.0     	-0.37569	0.92675 	-5.42655	10.3787 
854.0   	9.14124 	0.0     	-0.29821	0.9545  	-6.37945	2.55432 
855.0   	9.16317 	0.0     	0.51846 	0.8551  	-16.93158	16.60997
856.0   	9.18509 	0.0     	-0.3997 	0.91665 	-3.51081	18.66138
857.0   	9.20702 	0.0     	-0.84003	0.54253 	7.53233 	6.38386 
858.0   	9.22894 	0.0     	0.9407  	0.33923 	-18.05701	9.68472 
859.0   	9.25087 	0.0     	0.96067 	0.27768 	-17.91476	13.79984
860.0   	9.27279 	0.0     	-0.33984	0.94048 	-2.7231 	12.85614
861.0   	9.29472 	0.0     	-0.99993	0.01211 	16.34859	3.88921 
862.0   	9.31664 	0.0     	0.34436 	0.93884 	-13.12586	16.73536
863.0   	9.33857 	0.0     	-0.99361	0.1129  	15.87355	3.64449 
864.0   	9.36049 	0.0     	0.61172 	0.79108 	-15.88922	8.72935 
865.0   	9.38241 	0.0     	0.46818 	0.88363 	-13.74827	5.86834 
866.0   	9.40434 	0.0     	-0.9348 	0.35516 	13.93178	14.106  
867.0   	9.42626 	0.0     	0.83075 	0.55665 	-17.44907	13.04343
868.0   	9.44819 	0.0     	-0.30061	0.95375 	0.34921 	6.51874 
869.0   	9.47011 	0.0     	-0.66872	0.74352 	8.16922 	5.68022 
870.0   	9.49204 	0.0     	0.06395 	0.99795 	-5.25468	9.60994 
871.0   	9.51396 	0.0     	0.45176 	0.89214 	-11.12061	8.91827 
872.0   	9.53589 	0.0     	-0.42031	0.90738 	4.35109 	7.57831 
873.0   	9.55781 	0.0     	0.91137 	0.4116  	-16.83383	14.88479
874.0   	9.57974 	0.0     	-0.46058	0.88762 	5.85133 	10.81278
875.0   	9.60166 	0.0     	-0.99971	0.02416 	16.96294	6.47457 
876.0   	9.62359 	0.0     	-0.58107	0.81385 	8.65684 	8.65256 
877.0   	9.64551 	0.0     	-0.09699	0.99529 	0.64801 	11.05677
878.0   	9.66744 	0.0     	-0.93761	0.34769 	15.28392	5.09928 
879.0   	9.68936 	0.0     	-0.9863 	0.16497 	16.04421	12.80777
880.0   	9.71129 	0.0     	0.4204  	0.90734 	-6.53905	8.99468 
881.0   	9.73321 	0.0     	-0.19623	0.98056 	3.68865 	0.36325 
882.0   	9.75514 	0.0     	0.97175 	0.236   	-14.86029	5.4916  
883.0   	9.77706 	0.0     	-0.44438	0.89584 	7.90401 	4.00172 
884.0   	9.79898 	0.0     	-0.51385	0.85788 	9.00961 	4.04294 
885.0   	9.82091 	0.0     	0.2972  	0.95482 	-2.59373	3.92274 
886.0   	9.84283 	0.0     	0.95813 	0.28632 	-13.09494	20.89996
887.0   	9.86476 	0.0     	0.63931 	0.76895 	-7.18414	15.07179
888.0   	9.88668 	0.0     	0.42051 	0.90729 	-3.53237	3.08399 
889.0   	9.90861 	0.0     	-0.10789	0.99416 	3.98573 	6.75221 
890.0   	9.93053 	0.0     	0.44205 	0.89699 	-3.38644	1.71116 
891.0   	9.95246 	0.0     	0.49942 	0.86636 	-4.03058	13.83352
892.0   	9.97438 	0.0     	-0.97386	0.22713 	12.87031	10.5671 
893.0   	9.99631 	0.0     	-0.76572	0.64318 	11.27162	0.99633 
894.0   	10.01823	0.0     	0.90909 	0.41661 	-9.96164	2.55798 
895.0   	10.04016	0.0     	0.91581 	0.40161 	-9.98844	12.14911
896.0   	10.06208	0.0     	0.59601 	0.80298 	-4.95052	3.0026  
897.0   	10.08401	0.0     	-0.92913	0.36975 	12.21206	16.67038
898.0   	10.10593	0.0     	0.90482 	0.4258  	-9.6855 	9.63594 
899.0   	10.12786	0.0     	0.01356 	0.99991 	2.6949  	8.76941 
900.0   	10.14978	0.0     	-0.34812	0.93745 	6.94973 	14.78304
901.0   	10.1717 	0.0     	0.34097 	0.94008 	-1.32517	4.85847 
902.0   	10.19363	0.0     	-0.15063	0.98859 	4.91458 	1.18899 
903.0   	10.21555	0.0     	-0.97112	0.23861 	12.72343	14.36573
904.0   	10.23748	0.0     	0.26487 	0.96428 	-0.01399	6.86352 
905.0   	10.2594 	0.0     	0.75993 	0.65    	-7.15103	2.63685 
906.0   	10.28133	0.0     	-0.64393	0.76508 	10.93191	12.60695
907.0   	10.30325	0.0     	-0.07004	0.99754 	4.83315 	5.27271 
908.0   	10.32518	0.0     	-0.92499	0.37999 	13.27209	11.10112
909.0   	10.3471 	0.0     	0.95261 	0.30418 	-10.71402	4.94998 
910.0   	10.36903	0.0     	-0.23973	0.97084 	7.59894 	9.86967 
911.0   	10.39095	0.0     	-0.13906	0.99028 	6.68437 	9.69167 
912.0   	10.41288	0.0     	0.53869 	0.8425  	-2.41035	11.22353
913.0   	10.4348 	0.0     	-0.76935	0.63883 	13.28842	15.47169
914.0   	10.45673	0.0     	0.43621 	0.89984 	-0.24167	2.12089 
915.0   	10.47865	0.0     	0.73192 	0.68139 	-4.99928	7.92294 
916.0   	10.50058	0.0     	-0.97907	0.20352 	13.55517	12.54849
917.0   	10.5225 	0.0     	0.68977 	0.72403 	-3.62353	13.18043
918.0   	10.54443	0.0     	0.09769 	0.99522 	5.9099  	6.73151 
919.0   	10.56635	0.0     	0.76818 	0.64024 	-4.55661	0.36103 
920.0   	10.58827	0.0     	0.93147 	0.36381 	-8.35153	11.63104
921.0   	10.6102 	0.0     	0.71137 	0.70282 	-2.6967 	14.46956
922.0   	10.63212	0.0     	0.98439 	0.17598 	-9.99308	6.26009 
923.0   	10.65405	0.0     	0.96784 	0.25155 	-8.87493	9.00284 
924.0   	10.67597	0.0     	-0.53471	0.84503 	13.78511	17.40795
925.0   	10.6979 	0.0     	-0.94087	0.33877 	13.59016	9.26768 
926.0   	10.71982	0.0     	-0.61808	0.78612 	14.41217	5.48852 
927.0   	10.74175	0.0     	0.50125 	0.8653  	3.59173 	8.28467 
928.0   	10.76367	0.0     	-0.75501	0.65571 	14.6072 	9.26745 
929.0   	10.7856 	0.0     	-0.00726	0.99997 	10.95844	18.98685
930.0   	10.80752	0.0     	0.43089 	0.90241 	6.01192 	16.5216 
931.0   	10.82945	0.0     	-0.91623	0.40066 	13.03671	18.01346
932.0   	10.85137	0.0     	-0.96994	0.24334 	11.43403	15.67517
933.0   	10.8733 	0.0     	0.02622 	0.99966 	11.93656	3.82297 
934.0   	10.89522	0.0     	-0.75266	0.65841 	14.2436 	5.01945 
935.0   	10.91715	0.0     	0.30117 	0.95357 	9.87497 	7.54826 
936.0   	10.93907	0.0     	0.77054 	0.63739 	2.79609 	13.22153
937.0   	10.961  	0.0     	0.79884 	0.60154 	2.65745 	11.50748
938.0   	10.98292	0.0     	0.73299 	0.68024 	4.67404 	10.32037
939.0   	11.00484	0.0     	0.438   	0.89897 	9.91906 	10.08183
940.0   	11.02677	0.0     	-0.93016	0.36717 	10.01085	17.3222 
941.0   	11.04869	0.0     	0.60845 	0.79359 	8.48406 	9.59556 
942.0   	11.07062	0.0     	-0.97528	0.22097 	7.23576 	10.11074
943.0   	11.09254	0.0     	0.24919 	0.96845 	13.32369	8.78721 
944.0   	11.11447	0.0     	-0.00694	0.99998 	14.86882	13.56065
945.0   	11.13639	0.0     	-0.83706	0.54712 	10.21499	15.32502
946.0   	11.15832	0.0     	0.48454 	0.87477 	12.36815	15.99922
947.0   	11.18024	0.0     	-0.52313	0.85225 	13.59523	15.75177
948.0   	11.20217	0.0     	-0.88165	0.4719  	7.69481 	8.9807  
949.0   	11.22409	0.0     	-0.79138	0.61132 	9.30295 	8.97838 
950.0   	11.24602	0.0     	0.38843 	0.92148 	14.49183	9.91756 
951.0   	11.26794	0.0     	-0.26311	0.96477 	14.46968	5.35878 
952.0   	11.28987	0.0     	-0.09707	0.99528 	15.07376	7.69326 
953.0   	11.31179	0.0     	-0.99153	0.12989 	-0.78116	9.28339 
954.0   	11.33372	0.0     	0.95739 	0.28881 	7.68982 	10.253  
955.0   	11.35564	0.0     	-0.4725 	0.88133 	11.27435	15.11414
956.0   	11.37757	0.0     	0.26399 	0.96452 	15.53843	11.37705
957.0   	11.39949	0.0     	0.99992 	0.01248 	5.58399 	13.49931
958.0   	11.42141	0.0     	0.87886 	0.47707 	12.09058	9.29775 
959.0   	11.44334	0.0     	0.64988 	0.76004 	14.8791 	14.39363
960.0   	11.46526	0.0     	0.08275 	0.99657 	14.13351	9.14814 
961.0   	11.48719	0.0     	0.99995 	0.00965 	7.71387 	13.46417
962.0   	11.50911	0.0     	-0.86664	0.49894 	-0.5712 	8.2421  
963.0   	11.53104	0.0     	0.8003  	0.5996  	14.11954	3.48688 
964.0   	11.55296	0.0     	0.32569 	0.94548 	14.08966	12.31676
965.0   	11.57489	0.0     	-0.05783	0.99833 	10.91313	7.96713 
966.0   	11.59681	0.0     	-0.30317	0.95294 	7.69859 	19.23983
967.0   	11.61874	0.0     	-0.29013	0.95699 	7.39644 	8.29087 
968.0   	11.64066	0.0     	0.84471 	0.53522 	13.48915	7.59399 
969.0   	11.66259	0.0     	0.1821  	0.98328 	11.34696	13.00629
970.0   	11.68451	0.0     	0.05018 	0.99874 	9.84563 	20.57039
971.0   	11.70644	0.0     	-0.41271	0.91086 	4.15999 	7.66426 
972.0   	11.72836	0.0     	0.97791 	0.20901 	11.42891	11.74434
973.0   	11.75029	0.0     	-0.99154	0.12979 	-8.70419	9.44896 
974.0   	11.77221	0.0     	-0.95172	0.30696 	-6.95127	3.53675 
975.0   	11.79413	0.0     	0.34432 	0.93885 	10.66339	12.18519
976.0   	11.81606	0.0     	-0.13525	0.99081 	6.03937 	18.57484
977.0   	11.83798	0.0     	-0.39712	0.91777 	2.65676 	11.46965
978.0   	11.85991	0.0     	0.06982 	0.99756 	7.61345 	7.94816 
979.0   	11.88183	0.0     	0.974   	0.22654 	11.18325	11.95644
980.0   	11.90376	0.0     	0.55339 	0.83292 	10.88832	2.94748 
981.0   	11.92568	0.0     	0.52875 	0.84878 	10.5674 	5.06085 
982.0   	11.94761	0.0     	0.80757 	0.58977 	11.59809	10.72957
983.0   	11.96953	0.0     	0.82652 	0.56291 	11.52085	11.03579
984.0   	11.99146	0.0     	-0.66955	0.74277 	-2.44692	10.16944
985.0   	12.01338	0.0     	-0.48956	0.87197 	-0.08498	11.5004 
986.0   	12.03531	0.0     	-0.15305	0.98822 	3.73573 	13.20596
987.0   	12.05723	0.0     	-0.98464	0.17462 	-8.95594	8.9861  
988.0   	12.07916	0.0     	0.45581 	0.89008 	9.0244  	17.35256
989.0   	12.10108	0.0     	0.60399 	0.79699 	9.94007 	16.17708
990.0   	12.12301	0.0     	-0.41024	0.91198 	0.13084 	8.63051 
991.0   	12.14493	0.0     	-0.31371	0.94952 	1.1277  	8.20944 
992.0   	12.16686	0.0     	-0.92013	0.39161 	-7.65571	11.95598
993.0   	12.18878	0.0     	-0.91829	0.39592 	-7.72102	12.4757 
994.0   	12.2107 	0.0     	-0.65258	0.75772 	-3.60624	2.37634 
995.0   	12.23263	0.0     	-0.57782	0.81617 	-2.74572	10.12992
996.0   	12.25455	0.0     	-0.88412	0.46727 	-7.42496	9.92088 
997.0   	12.27648	0.0     	0.9993  	0.03733 	10.62322	5.12708 
998.0   	12.2984 	0.0     	-0.08928	0.99601 	2.5946  	7.34864 
999.0   	12.32033	0.0     	0.76877 	0.63952 	10.3722 	18.33401
